0.00000000000000e+000
0.00000000000000e+000
2.50000000000000e+001
0.00000000000000e+000
25
0.2
0
0.00086
0.13
0
0.00000000000000e+000
0.00000000000000e+000
10
0.001
0.03
0
0
1
0.00000000000000e+000
0.04
0.03
0
0
2
0.00000000000000e+000
10
0.001
0.00000000000000e+000
0
1
1
0
1
1
0.00000000000000e+000
1
2
a0*x*x/2*(x<t1)+(v0*x-v0**2/(2*a0))*(x>=t1)*(x<t2)+(x2-a0/2*(x-t2)**2+v0*(x-t2))*(x>=t2)*(x<=t3)+xf*(x>t3)
0
0
t3
t3
t3
t3
0.2
t3
0
t3
0
0
0.2
0
0
3
0
0
3
0
0
3
0
0
3
4
2
0
0
0
0.45
4
4
0.01
0
0
0.7-0.45
4
4
0.01
0
0
3
0
0
3
0
0
3
0
0
3
4
2
0.0397802
7.06984
0.000600928
1.51062523697e-05
-48
48
7.06984
0.1
2
1
2
3
0.00000000000000e+000
0.00000000000000e+000
0.00000000000000e+000
0.00000000000000e+000
0.00000000000000e+000
0.00000000000000e+000
0.00000000000000e+000
0.00000000000000e+000
0.00000000000000e+000
0.00000000000000e+000
0.00000000000000e+000
0.00000000000000e+000
5.23606
0
0.102577
1.95904224817e-05
-1e+30
1e+30
0
0.1
1
1
1
3
0.00000000000000e+000
0.00000000000000e+000
0.00000000000000e+000
0.00000000000000e+000
0.00000000000000e+000
0.00000000000000e+000
0.00000000000000e+000
0.00000000000000e+000
0.00000000000000e+000
0.00000000000000e+000
0.00000000000000e+000
0.00000000000000e+000
