100
1
0.25
0.153
0.066
0.1
1000000
0
1e-06
0.1
0.1
10
0.707
10
0.707
1
2
1
1
1
1
0.00000000000000e+000
0.00000000000000e+000
0.00000000000000e+000
0.00000000000000e+000
0.00000000000000e+000
0
1
1
0.00000000000000e+000
0
1
1
0.00000000000000e+000
0
1
1
0.00000000000000e+000
10000
0.9
0.036
1
0.08
0.000515
400
20
0.95
0.05
1e-06
1
1
1
1
1
1
1
$AME/libesc/data/inverterLosses.data
1/sqrt(8)
2.00000000000000e+001
Udc
0.00000000000000e+000
0
1
1
0.00000000000000e+000
0.00000000000000e+000
0.00000000000000e+000
1/sqrt(8)
0.00000000000000e+000
0.00000000000000e+000
0.00000000000000e+000
0.00000000000000e+000
2.00000000000000e+001
10000
220
50
25
Rs1
0.21
0
Lm
16
ls1
0.065
1000000
200000
Rrp
0.021
1
0.21
10
2.1
0
lrp
0.065
0.0001
0.0065
1e-05
0.00065
1e-09
1e-09
2
1
1
2
2
p1
2
1
2
1
1
0.00000000000000e+000
0.00000000000000e+000
0.00000000000000e+000
0.00000000000000e+000
0.00000000000000e+000
10
0.001
0.03
0
0
1
0.00000000000000e+000
0.04
0.03
0
0
2
0.00000000000000e+000
10
0.001
0.00000000000000e+000
0
1
1
0
0
0
0.45
4
4
0.01
0
0
0.7-0.45
4
4
0.01
0
0
3
0
0
3
0
0
3
0
0
3
4
2
-0.198
-0.7
120
0.498
125
125
0.2
125
0
0.06
0
-125
0.06
-125
-125
0.2
-125
0
0.06
0
0
3
0
0
3
1
2
